0
0
0
0
0
0
0
0
0
0
0
0
0
0
0
0
0
0
0
0
0
0
0
0
0
0
0
0
0
0
0
0
0
0
0
0
0
0
0
0
0
0
0
0
0
0
0
0
0
0
0
0
0
0
55
60
60
60
60
62
64
67
72
69
67
67
69
60
60
60
62
62
64
64
64
64
64
64
64
69
67
67
67
69
72
69
67
69
67
64
67
64
60
64
62
60
60
60
60
60
60
60
55
60
60
60
60
62
64
67
72
69
67
67
69
60
60
60
62
62
64
64
64
64
64
64
64
69
67
67
67
69
72
69
67
69
67
64
67
64
60
64
62
60
60
60
60
60
60
60
0
0
0
0
0
0
0
0
0
0
0
0
0
0
0
0
0
0
0
0
0
0
0
0
0
0
0
0
0
0
0
0
0
0
0
0
0
0
0
0
0
0
0
0
0
0
0
0
55
60
60
60
60
62
64
67
72
69
67
67
69
60
60
60
62
62
64
64
64
64
64
64
64
69
67
67
67
69
72
69
67
69
67
64
67
64
60
64
62
60
60
60
60
60
60
60
0