0
0
0
0
0
0
0
0
0
0
0
0
0
0
0
0
0
0
0
0
0
0
0
0
0
0
0
0
0
0
0
0
0
0
0
0
0
0
0
0
0
0
0
0
0
0
0
0
60
60
60
60
60
60
62
62
62
64
62
62
64
64
64
64
65
65
67
67
67
67
0
0
65
65
67
67
69
69
64
64
64
65
64
64
62
62
62
62
59
59
60
60
60
60
0
0
62
60
62
62
55
55
60
62
64
64
64
64
65
64
65
65
65
69
67
65
64
64
0
0
67
67
67
67
67
67
60
60
60
62
64
64
65
65
65
65
62
62
60
60
60
60
0
0
0
0
0
0
0
0
0
0
0
0
0
0
0
0
0
0
0
0
0
0
0
0
0
0
0
0
0
0
0
0
0
0
0
0
0
0
0
0
0
0
0
0
0
0
0
0
0
0
0
0
0
0
0
0
0
0
0
0
0
0
0
0
0
0
0
0
0
0
0
0
0
0
0
0
0
0
0
0
0
0
0
0
0
0
0
0
0
0
0
0
0
0
0
0
0
0
0
0
0
0
0
0
0
0
0
0
0
0
0
0
0
0
0
0
0
0
0
0
0
0
0
0
60
60
60
60
60
60
62
62
62
64
62
62
64
64
64
64
65
65
67
67
67
67
0
0
65
65
67
67
69
69
64
64
64
65
64
64
62
62
62
62
59
59
60
60
60
60
0
0
62
60
62
62
55
55
60
62
64
64
64
64
65
64
65
65
65
69
67
65
64
64
0
0
67
67
67
67
67
67
60
60
60
62
64
64
65
65
65
65
62
62
60
60
60
60
0
0
67
67
67
67
67
67
60
60
60
62
64
64
65
65
65
65
62
62
60
60
60
60
0
0