55
55
60
60
60
60
60
60
64
64
62
62
62
60
62
62
63
63
60
60
60
60
64
64
67
67
69
69
69
69
69
69
69
69
67
67
67
64
64
64
60
60
62
62
62
60
62
62
64
64
60
60
60
57
57
57
55
55
60
60
60
60
60
60
69
69
67
67
67
64
64
64
60
60
62
62
62
60
62
62
69
69
67
67
67
64
64
64
67
67
69
69
69
69
69
69
69
69
67
67
67
64
64
64
60
60
60
62
62
62
60
62
64
64
60
60
60
57
57
57
55
55
60
60
60
60
60
60
60
60
55
60
60
60
60
60
60
64
64
62
62
62
60
62
62
63
63
60
60
60
60
64
64
67
67
69
69
69
69
69
69
69
69
67
67
67
64
64
64
60
60
62
62
62
60
62
62
64
64
60
60
60
57
57
57
55
55
60
60
60
60
60
60
69
69
67
67
67
64
64
64
60
60
62
62
62
60
62
62
69
69
67
67
67
64
64
64
67
67
69
69
69
69
69
69
69
69
67
67
67
64
64
64
60
60
60
62
62
62
60
62
64
64
60
60
60
57
57
57
55
55
60
60
60
60
60
60
60
60
55
55
60
60
60
60
60
60
64
64
62
62
62
60
62
62
63
63
60
60
60
60
64
64
67
67
69
69
69
69
69
69
69
69
67
67
67
64
64
64
60
60
62
62
62
60
62
62
64
64
60
60
60
57
57
57
55
55
60
60
60
60
60
60
0