6.297388018103379291e+05 6.659670367015726515e+04 -1.443835468593038677e+05 -1.511101585515170009e+05 1.083283168727990123e+05 1.740572469758754596e+04 2.766100269070023569e+04 -6.851650451007583797e+03 4.102135961179978767e+04 -1.781962532046611159e+04 1.431013762699835934e+04 -1.649626823563718062e+04 4.430133219667962112e+04
6.659670367015726515e+04 5.907377782934990682e+04 -3.775706188853135245e+04 -3.223209787038735521e+04 -9.850198940800237324e+03 -9.311561534981002524e+02 5.076694754566256051e+03 -1.799675193976547234e+04 2.687400316430782914e+04 3.860024342624554720e+03 3.364556976702967859e+03 1.128110998089697387e+04 2.414181350947920691e+03
-1.443835468593038677e+05 -3.775706188853135245e+04 4.598297711466503824e+04 4.192774842953190091e+04 -1.796455780182029775e+04 -4.381281177133848360e+03 -7.930028691859173705e+03 9.142460034547664691e+03 -1.984144673836677248e+04 2.320185849085215068e+03 -4.220034012850404906e+03 -1.577575380824264357e+03 -9.615865090619965486e+03
-1.511101585515170009e+05 -3.223209787038735521e+04 4.192774842953190091e+04 7.128242066767520737e+04 -3.688696898489824525e+04 -5.597373736039260621e+03 -6.127938372364407769e+03 -9.141167545330299617e+03 -3.754783308987037344e+03 -1.109061454029415654e+04 2.680922695804633349e+03 -5.434511248597781560e+03 -9.983392809388837122e+03
1.083283168727990123e+05 -9.850198940800237324e+03 -1.796455780182029775e+04 -3.688696898489824525e+04 4.214974548570389743e+04 6.253110404452980220e+03 4.926383849511127664e+03 1.453467175164066248e+04 -8.932880011287737943e+03 1.845906018185158004e+01 -2.118888073257104224e+03 -5.440821514116393701e+03 9.422394682847449076e+03
1.740572469758754596e+04 -9.311561534981002524e+02 -4.381281177133848360e+03 -5.597373736039260621e+03 6.253110404452980220e+03 3.178133865476434039e+03 9.179768864726378297e+01 3.352540193110224664e+03 -3.809580002219737480e+02 5.568616600416847859e+02 2.819305332933465138e+02 -5.386745788192329201e+02 1.383110196271342602e+03
2.766100269070023569e+04 5.076694754566256051e+03 -7.930028691859173705e+03 -6.127938372364407769e+03 4.926383849511127664e+03 9.179768864726378297e+01 6.784599342265645646e+03 -6.597262134350221459e+03 3.856462452928342373e+03 -5.489059070730530038e+03 -1.149204472168011307e+03 2.801478262321410057e+03 2.196947181586648639e+03
-6.851650451007583797e+03 -1.799675193976547234e+04 9.142460034547664691e+03 -9.141167545330299617e+03 1.453467175164066248e+04 3.352540193110224664e+03 -6.597262134350221459e+03 2.131502386273358570e+04 -1.671653936647312003e+04 1.049234272205509296e+04 -1.960133395269688208e+03 -4.002766780731379185e+03 4.853245556811694996e+02
4.102135961179978767e+04 2.687400316430782914e+04 -1.984144673836677248e+04 -3.754783308987037344e+03 -8.932880011287737943e+03 -3.809580002219737480e+02 3.856462452928342373e+03 -1.671653936647312003e+04 2.119326290822171723e+04 -5.923805090929150538e+03 4.434818929571870285e+03 2.171078853980600798e+03 1.105419066235878290e+03
-1.781962532046611159e+04 3.860024342624554720e+03 2.320185849085215068e+03 -1.109061454029415654e+04 1.845906018185158004e+01 5.568616600416847859e+02 -5.489059070730530038e+03 1.049234272205509296e+04 -5.923805090929150538e+03 1.321457847805435267e+04 -1.630754545678330715e+03 2.142055152845145130e+03 -2.217452152207351446e+03
1.431013762699835934e+04 3.364556976702967859e+03 -4.220034012850404906e+03 2.680922695804633349e+03 -2.118888073257104224e+03 2.819305332933465138e+02 -1.149204472168011307e+03 -1.960133395269688208e+03 4.434818929571870285e+03 -1.630754545678330715e+03 3.240564595844728046e+03 -2.707071163578543292e+03 1.028174231099008921e+03
-1.649626823563718062e+04 1.128110998089697387e+04 -1.577575380824264357e+03 -5.434511248597781560e+03 -5.440821514116393701e+03 -5.386745788192329201e+02 2.801478262321410057e+03 -4.002766780731379185e+03 2.171078853980600798e+03 2.142055152845145130e+03 -2.707071163578543292e+03 8.114486777028628239e+03 -1.704913655526506318e+03
4.430133219667962112e+04 2.414181350947920691e+03 -9.615865090619965486e+03 -9.983392809388837122e+03 9.422394682847449076e+03 1.383110196271342602e+03 2.196947181586648639e+03 4.853245556811694996e+02 1.105419066235878290e+03 -2.217452152207351446e+03 1.028174231099008921e+03 -1.704913655526506318e+03 4.268295000369446825e+03
